1 2842 1712 34
2 2084 2342 108
3 1635 1440 242
4 165 2904 258
5 258 2829 219
6 2635 268 127
7 1349 882 60
8 1336 796 98
9 2471 360 88
10 2213 1081 146
11 1311 2061 123
12 1911 267 110
13 540 1297 141
14 551 299 217
15 1143 666 102
16 927 2349 181
17 1642 1750 105
18 386 1016 187
19 1939 1547 80
20 172 2961 268
21 597 2786 132
22 843 1637 152
23 615 2854 19
24 2771 804 112
25 1994 238 146
26 573 1880 139
27 1759 40 168
28 1413 1987 139
29 926 1901 21
30 1342 2874 212
31 2757 501 21
32 639 263 160
33 1876 2854 56
34 2061 173 211
35 2798 1708 76
36 766 923 84
37 522 2802 3
38 243 1350 75
39 2727 2184 74
40 168 340 157
41 2665 2541 211
42 127 335 173
43 2071 1106 140
44 565 2788 82
45 551 1369 27
46 1108 2284 237
47 1688 1771 57
48 468 563 126
49 1875 1365 136
50 1990 1815 130
51 942 1430 3
52 874 2388 251
53 444 2556 196
54 2163 2739 18
55 1220 2770 137
56 1980 2505 167
57 2262 1001 90
58 1997 1162 253
59 2942 1469 51
60 1797 2220 281
61 2507 1856 261
62 403 1715 63
63 1216 284 228
64 1347 1762 181
65 2762 408 63
66 1408 2443 249
67 1641 1024 263
68 76 116 206
69 2007 1732 44
70 1932 1766 93
71 876 52 140
72 2358 1876 258
73 974 2184 222
74 2575 555 3
75 517 1306 287
76 1595 1618 81
77 381 801 48
78 2509 218 181
79 1555 2435 61
80 306 2466 211
81 2861 1101 255
82 163 636 179
83 559 1109 38
84 842 2867 251
85 1717 104 213
86 2232 1557 287
87 1777 1584 139
88 17 1229 264
89 1724 1080 219
90 2352 2840 159
91 986 26 104
92 1195 2543 227
93 1689 2936 223
94 1714 1431 4
95 826 969 114
96 902 1075 65
97 1305 825 131
98 2786 1253 140
99 2928 159 128
100 2578 1775 20
101 1563 887 222
102 2977 1714 221
103 2456 1592 232
104 1293 418 132
105 355 478 217
106 784 266 89
107 1318 2903 26
108 708 625 274
109 1114 1108 205
110 2093 2243 178
111 2948 1727 4
112 765 2805 140
113 871 2498 16
114 1605 2545 114
115 954 1943 181
116 1425 185 269
117 2429 1020 185
118 1920 920 140
119 731 797 284
120 671 1236 242
121 1848 1520 230
122 3 2742 46
123 2294 2619 164
124 699 1969 99
125 524 827 170
126 982 306 276
127 1841 504 34
128 980 1310 83
129 1628 30 164
130 1894 1493 155
131 878 1373 167
132 861 696 185
133 724 1030 80
134 2358 1980 262
135 1655 2113 165
136 2995 2762 123
137 1028 2123 227
138 2768 2823 145
139 1325 1663 157
140 2389 1269 278
141 235 2640 253
142 424 953 207
143 2839 4 264
144 937 2824 282
145 1891 2849 175
146 400 2444 199
147 1530 2773 271
148 2562 556 109
149 470 275 200
150 182 104 233
151 389 1645 68
152 2136 2067 298
153 2933 2156 123
154 2025 2456 235
155 335 2973 38
156 2615 2621 239
157 961 2451 70
158 724 978 78
159 1991 1348 145
160 2177 1640 47
161 2976 810 74
162 2890 641 137
163 287 951 260
164 2336 2075 87
165 1582 519 262
166 1160 232 89
167 645 371 299
168 1635 39 64
169 2597 1762 266
170 1329 2510 233
171 2502 173 70
172 305 2954 110
173 386 616 193
174 915 1177 205
175 2672 1699 60
176 1114 1911 151
177 2174 2926 30
178 1607 912 106
179 2907 2949 81
180 2226 2374 83
181 1662 1841 217
182 2262 608 9
183 2757 700 35
184 2721 2301 178
185 296 1745 250
186 1168 227 160
187 472 2779 51
188 2830 2281 280
189 162 6 108
190 871 2849 251
191 1138 914 53
192 1042 541 241
193 417 2026 261
194 2832 2500 24
195 2511 8 282
196 2215 1268 148
197 475 2677 12
198 770 236 53
199 2294 1817 19
200 2681 341 206
201 433 1639 136
202 1584 1707 95
203 2910 862 79
204 1524 2195 3
205 1077 816 128
206 561 94 12
207 147 1859 284
208 365 568 69
209 404 1428 228
210 2343 1857 127
211 698 2194 50
212 245 933 58
213 624 194 64
214 93 1118 140
215 1022 2485 273
216 2558 1887 257
217 1452 1514 99
218 2890 2417 131
219 2998 1 179
220 1818 1016 214
221 2381 2486 184
222 2299 939 202
223 452 774 27
224 1225 1087 174
225 1554 2129 252
226 2509 2594 26
227 971 2372 241
228 1215 1239 260
229 1904 500 127
230 184 282 299
231 2661 2433 175
232 2064 2649 9
233 317 2784 102
234 2112 730 225
235 864 845 208
236 460 1726 260
237 1559 204 194
238 206 2301 71
239 348 1374 288
240 2516 1460 216
241 1256 2959 245
242 2492 2195 251
243 1043 2960 123
244 1774 555 227
245 1920 826 238
246 2334 3 211
247 2844 1133 235
248 244 396 171
249 1647 1924 198
250 828 1552 2
251 2612 987 249
252 2903 709 100
253 2389 665 260
254 308 174 252
255 906 2836 152
256 1003 2965 153
257 128 2908 109
258 421 2383 201
259 1167 1439 139
260 1980 96 253
261 786 824 95
262 1759 1070 26
263 2696 981 197
264 1846 2254 261
265 693 1638 16
266 1047 208 209
267 1689 78 106
268 1210 2878 7
269 2540 1144 200
270 2734 2218 174
271 2431 1186 248
272 524 1505 42
273 2415 2133 68
274 1314 386 232
275 408 1171 260
276 1521 1317 190
277 618 1604 278
278 1317 1662 54
279 2354 776 196
280 1541 1440 17
281 491 555 286
282 1802 2291 195
283 2398 974 142
284 578 1734 39
285 2774 1025 214
286 1783 452 36
287 0 288 139
288 932 936 110
289 47 2318 146
290 2900 2016 72
291 790 510 146
292 121 2018 173
293 2931 1821 47
294 346 2342 63
295 657 2610 267
296 86 1009 239
297 1124 463 22
298 2551 1719 81
299 1812 2341 213
300 2524 2790 190
301 1072 1664 102
302 2734 1256 42
303 2991 2265 165
304 1361 2866 145
305 1388 439 15
306 1108 2651 283
307 575 2744 248
308 1491 1135 19
309 994 1310 244
310 1462 1801 244
311 902 202 284
312 2903 1720 121
313 1316 314 77
314 2431 742 217
315 2769 1973 246
316 2823 1349 4
317 500 1964 46
318 894 345 255
319 1554 2989 168
320 1097 198 74
321 1770 2876 265
322 2037 199 223
323 1068 1988 107
324 35 1459 110
325 2393 423 211
326 653 1660 225
327 2150 1283 23
328 620 717 298
329 2015 775 280
330 1461 157 32
331 1045 935 245
332 2030 2251 23
333 679 960 138
334 793 1164 215
335 770 967 249
336 2120 1388 240
337 780 2771 56
338 112 745 96
339 220 2722 217
340 2424 1213 6
341 837 427 277
342 1526 2153 221
343 2266 1599 155
344 108 2119 50
345 2567 1661 205
346 2593 766 63
347 2440 2940 49
348 1321 1768 284
349 2908 1724 7
350 2136 691 48
351 2924 1320 7
352 1196 2915 183
353 126 506 128
354 2045 666 253
355 614 2877 61
356 2742 1141 86
357 1455 2666 259
358 876 1356 89
359 1881 1390 77
360 748 2942 14
361 1585 2073 126
362 981 629 181
363 2449 2391 257
364 676 2122 282
365 1253 541 34
366 1507 2833 228
367 1626 42 154
368 1507 2946 96
369 1955 837 48
370 2168 7 256
371 697 1854 180
372 1755 1435 106
373 1357 1239 193
374 2688 2545 279
375 2451 2450 177
376 314 601 13
377 848 1617 112
378 1706 909 247
379 2264 512 206
380 28 185 186
381 2048 1359 13
382 2246 508 156
383 2690 141 257
384 2058 1041 47
385 2719 763 44
386 888 2812 20
387 2319 621 141
388 2628 1926 41
389 1954 1850 160
390 2244 867 67
391 2623 2461 239
392 1658 2369 296
393 1407 1090 24
394 946 2563 70
395 1195 1713 46
396 2792 1221 49
397 2247 2961 34
398 825 2989 234
399 2428 1428 83
400 2799 1880 76
401 1381 984 107
402 2392 1675 5
403 949 766 216
404 1976 2117 88
405 1776 703 122
406 1344 694 183
407 709 1112 222
408 2739 99 40
409 2251 2562 104
410 639 689 148
411 76 2948 293
412 453 125 292
413 870 776 289
414 230 2352 167
415 1824 2320 100
416 2400 503 146
417 824 2811 217
418 2882 169 267
419 827 1353 83
420 684 2640 229
421 948 2139 286
422 1608 2877 26
423 604 1381 78
424 2226 2817 50
425 901 29 82
426 777 2355 94
427 1256 1633 95
428 849 1673 190
429 632 1609 233
430 2622 2338 124
431 2749 2362 40
432 1721 1107 76
433 2029 1329 165
434 374 872 180
435 2897 1416 163
436 2756 830 148
437 1497 2213 187
438 2443 2356 207
439 900 2821 111
440 2893 2441 78
441 2099 451 270
442 2147 2741 30
443 768 1532 76
444 824 2808 136
445 2497 1810 250
446 2099 109 140
447 1514 77 218
448 2656 486 122
449 582 1423 219
450 862 1701 150
451 2279 540 158
452 1744 1960 152
453 610 2569 156
454 2188 614 262
455 508 1634 87
456 1960 2275 179
457 39 2791 3
458 1958 977 277
459 795 1228 13
460 2753 2490 250
461 396 729 11
462 2926 660 299
463 1119 2904 165
464 3 847 236
465 2735 420 130
466 1196 1347 138
467 1563 431 133
468 1515 2460 26
469 2140 1446 205
470 2892 2142 187
471 1268 2861 206
472 2490 1030 215
473 1565 1544 210
474 1396 1133 100
475 1841 1420 213
476 2968 422 80
477 893 2627 56
478 225 2156 63
479 635 951 277
480 176 740 181
481 2621 1195 106
482 1490 749 9
483 630 2931 247
484 4 1258 219
485 2521 1440 50
486 1884 2601 132
487 1499 2631 276
488 1448 1826 60
489 1600 2724 145
490 2613 130 22
491 2737 1365 252
492 1844 1132 133
493 215 381 209
494 2301 2841 70
495 391 1434 118
496 2819 2382 97
497 857 1779 282
498 1816 1406 289
499 487 1544 280
500 2464 1921 125
501 405 1150 58
502 2199 809 23
503 1553 347 141
504 2672 510 191
505 460 718 260
506 2900 2085 68
507 530 761 28
508 1490 2531 0
509 2382 1606 260
510 2845 1684 161
511 825 1419 139
512 2962 509 259
513 328 2562 202
514 360 1571 224
515 21 248 202
516 957 2610 282
517 1180 2228 17
518 2037 451 28
519 2797 674 275
520 470 1594 23
521 1509 710 106
522 2538 889 159
523 924 160 284
524 1103 2547 175
525 2365 1402 30
526 2472 2650 70
527 473 683 220
528 2723 199 157
529 773 1821 253
530 2500 1191 43
531 2696 2806 206
532 400 59 107
533 17 361 165
534 2424 1857 61
535 2743 1861 251
536 1505 941 203
537 1845 641 156
538 552 2257 149
539 248 150 235
540 601 683 2
541 2848 855 26
542 746 1263 146
543 86 2893 112
544 1244 2892 170
545 1556 1441 271
546 1493 1117 167
547 2535 889 6
548 703 12 209
549 1983 1065 120
550 2754 1279 257
551 1798 861 163
552 503 640 51
553 1145 844 44
554 2992 249 211
555 979 1914 36
556 1734 538 75
557 2810 354 275
558 1810 1126 10
559 2112 849 214
560 1993 795 159
561 1264 1692 211
562 972 2144 98
563 2450 949 167
564 1550 316 174
565 2682 1811 227
566 788 841 184
567 2826 469 172
568 379 2608 278
569 1460 2252 222
570 2420 2797 171
571 638 63 199
572 898 2337 4
573 1792 2802 44
574 1404 794 49
575 1407 424 290
576 2944 2013 212
577 676 891 160
578 2500 870 150
579 2472 2369 92
580 277 2108 123
581 2598 260 155
582 871 1051 227
583 465 2005 148
584 2237 111 192
585 497 1320 53
586 2821 744 74
587 1223 1054 209
588 1852 319 119
589 2363 2370 179
590 1007 399 267
591 186 1830 47
592 119 64 52
593 2157 2492 27
594 2974 823 252
595 1418 2121 249
596 1695 473 158
597 1726 1872 131
598 518 1998 166
599 1405 895 292
600 553 1819 229
601 1676 260 205
602 2036 550 78
603 1440 1088 67
604 552 867 36
605 1008 1466 61
606 2079 2489 298
607 1080 1978 70
608 164 316 140
609 2310 773 175
610 315 1977 65
611 1437 421 240
612 2947 2069 81
613 1269 2863 203
614 1649 1192 28
615 548 2718 251
616 2549 812 182
617 49 2086 226
618 275 1026 156
619 1775 2504 190
620 845 1924 249
621 2539 1039 178
622 1964 2658 132
623 1426 2790 93
624 2235 2513 186
625 2017 2370 299
626 524 1551 291
627 387 175 74
628 1526 2567 297
629 256 285 114
630 58 1452 283
631 2966 2249 196
632 1727 1857 274
633 1275 2900 195
634 643 2671 238
635 715 1502 197
636 336 1819 87
637 1294 165 254
638 2288 2335 155
639 2102 629 33
640 2026 742 22
641 2107 834 86
642 1596 2221 4
643 1698 2432 277
644 1878 509 119
645 1873 2743 191
646 1859 1253 117
647 2305 795 158
648 2723 322 26
649 100 2603 135
650 1758 225 117
651 348 1525 200
652 2542 1687 77
653 781 2123 93
654 1508 971 254
655 1315 255 200
656 808 2755 4
657 288 1154 85
658 2603 117 221
659 1465 329 106
660 2576 224 233
661 1300 1772 59
662 1589 2158 64
663 943 2021 182
664 824 1334 143
665 2330 2009 6
666 1342 2868 35
667 1762 2220 178
668 469 1495 220
669 1957 950 89
670 1474 1249 161
671 2331 1702 254
672 1536 2367 47
673 1026 2607 263
674 1812 443 139
675 1121 1110 236
676 2282 2726 285
677 1436 1 60
678 217 420 156
679 542 1777 95
680 939 1661 51
681 1416 2947 124
682 444 2690 89
683 1060 1215 135
684 939 2754 205
685 2679 1092 183
686 35 2053 209
687 1835 635 46
688 2617 209 278
689 2997 2287 167
690 183 1667 160
691 2241 1390 227
692 1553 424 79
693 1662 386 270
694 1074 1785 72
695 149 1577 184
696 1962 2119 251
697 1392 1046 192
698 2305 993 177
699 474 1151 74
700 1300 2545 46
701 649 201 149
702 2001 2002 235
703 2955 2817 296
704 2449 2698 270
705 1725 919 132
706 2183 880 38
707 624 1211 41
708 418 1934 50
709 1764 1831 61
710 2656 2082 105
711 2837 2636 269
712 1498 842 109
713 1006 1897 149
714 1695 498 92
715 1282 1140 94
716 15 1666 231
717 549 1124 24
718 2333 1917 244
719 540 775 172
720 596 760 280
721 805 1821 123
722 1676 2239 82
723 1655 2519 103
724 1779 2381 55
725 2562 1260 52
726 2381 2961 276
727 245 1335 77
728 2648 1183 251
729 2359 2096 87
730 368 146 288
731 2886 585 148
732 753 2886 52
733 2878 2346 107
734 2458 1303 94
735 380 2945 5
736 1688 1491 51
737 2625 863 26
738 408 2361 113
739 2787 2251 99
740 2379 1575 44
741 2100 550 183
742 2010 250 3
743 2747 1920 120
744 714 796 65
745 1413 2257 218
746 2660 988 170
747 155 320 207
748 775 388 64
749 1657 465 245
750 1919 2982 243
751 1267 2687 243
752 652 1163 223
753 2148 2065 70
754 2733 2187 18
755 125 2794 178
756 2749 1306 33
757 1941 916 16
758 2706 361 168
759 81 1147 269
760 1390 2914 10
761 1300 1930 88
762 46 2299 164
763 66 2384 257
764 1607 282 247
765 617 2861 122
766 871 2076 69
767 2993 2843 161
768 3 2927 143
769 386 2842 101
770 909 289 77
771 1445 43 291
772 2536 1030 109
773 208 1843 257
774 901 2377 223
775 428 209 8
776 664 1728 14
777 303 2049 11
778 1375 2612 275
779 322 2397 75
780 1894 2690 72
781 224 2773 242
782 612 1533 255
783 1989 1599 54
784 1300 2942 46
785 2709 1007 120
786 1224 1253 103
787 281 2906 218
788 425 1019 297
789 2841 2528 127
790 1182 1094 215
791 1926 1299 176
792 944 2461 164
793 2674 865 80
794 1505 2969 109
795 1963 1567 37
796 2306 777 211
797 1700 1582 227
798 1478 2173 29
799 2246 2899 270
800 1349 2545 172
801 99 21 185
802 1144 1556 232
803 2154 2454 97
804 1422 303 166
805 2012 336 79
806 197 2979 9
807 2412 1266 249
808 489 2473 252
809 104 154 279
810 796 2382 87
811 1324 769 105
812 2001 697 291
813 1359 710 18
814 2624 2710 0
815 588 954 229
816 1450 558 174
817 2413 1786 205
818 39 2584 155
819 1759 1235 4
820 419 2723 274
821 628 1530 296
822 844 924 150
823 560 953 262
824 1394 2427 237
825 790 1993 173
826 2259 1870 187
827 164 867 195
828 2191 431 251
829 1677 985 285
830 683 2413 121
831 22 2429 114
832 2570 61 112
833 1441 2444 262
834 798 2294 103
835 1167 1345 40
836 2160 2334 10
837 2765 2755 162
838 1036 172 167
839 1919 2081 88
840 2135 2651 64
841 2182 2674 12
842 1934 518 162
843 860 479 259
844 1283 316 69
845 417 518 225
846 832 2661 189
847 381 910 144
848 1065 2950 53
849 1096 1663 117
850 542 2632 165
851 1194 1426 259
852 2752 512 89
853 57 2328 95
854 2376 2974 204
855 122 2154 88
856 2632 2009 102
857 2020 2893 260
858 409 104 158
859 578 391 256
860 2962 1976 81
861 95 555 296
862 1289 1113 259
863 1615 2373 287
864 1454 1720 195
865 295 314 176
866 1690 2035 170
867 575 375 193
868 2035 575 231
869 789 1934 121
870 2776 2383 228
871 1321 2319 15
872 2128 1699 168
873 43 141 268
874 2163 1936 276
875 1654 2595 69
876 657 1001 169
877 2298 2899 195
878 1615 2821 127
879 19 1949 51
880 1205 1819 85
881 1809 2089 159
882 1499 2009 185
883 230 1089 61
884 1948 2628 206
885 940 1284 237
886 918 2497 277
887 1554 1922 53
888 1430 1482 258
889 951 2609 64
890 2254 2194 78
891 1600 2967 211
892 1806 2832 43
893 2478 2062 65
894 1331 348 183
895 931 1158 251
896 2676 2990 179
897 42 1595 271
898 2314 287 278
899 839 396 268
900 370 1614 183
901 2682 527 20
902 1268 1201 34
903 2974 1955 284
904 2182 1340 91
905 2276 2086 152
906 85 1697 102
907 2543 650 85
908 2558 1691 108
909 2518 1232 277
910 585 2819 213
911 1676 180 223
912 1538 1000 174
913 397 1445 137
914 2048 1680 243
915 2832 311 115
916 714 1220 172
917 73 2564 65
918 2539 545 255
919 307 2253 204
920 2504 2074 173
921 652 1642 27
922 1272 2896 84
923 1258 1639 61
924 871 1802 98
925 2854 1399 175
926 1648 2947 162
927 2775 1190 21
928 1698 2793 150
929 2150 2068 102
930 576 2351 249
931 2666 2252 120
932 138 1471 35
933 735 1104 212
934 2469 45 293
935 1073 2080 262
936 215 1067 74
937 1572 474 137
938 280 1347 158
939 978 1335 53
940 1535 2917 102
941 1865 1568 51
942 418 1690 48
943 2371 1454 146
944 1820 2617 166
945 352 950 130
946 2938 2296 27
947 2259 109 261
948 847 1205 205
949 941 978 144
950 1938 1169 287
951 1592 1694 199
952 874 190 175
953 2055 1316 28
954 1697 750 134
955 1565 1916 130
956 1699 1668 129
957 675 674 219
958 577 570 264
959 487 39 109
960 2563 1623 23
961 1654 2705 95
962 1041 1902 96
963 1628 331 278
964 2230 997 219
965 408 1119 89
966 2325 512 90
967 824 945 33
968 2829 2339 278
969 480 189 181
970 2746 764 73
971 2884 2894 293
972 2759 1373 46
973 1536 1905 208
974 391 2071 163
975 932 2281 102
976 1367 1403 219
977 2645 2057 9
978 677 1924 164
979 2532 2337 50
980 1182 617 47
981 1906 1556 149
982 112 2230 203
983 903 1994 226
984 104 2426 49
985 211 922 26
986 1654 977 245
987 1421 1281 54
988 643 272 294
989 770 1747 132
990 1404 1221 228
991 1231 1965 71
992 2171 2764 283
993 1832 261 200
994 1617 1927 260
995 1834 414 233
996 699 2486 34
997 265 1558 209
998 2106 2710 29
999 869 2011 233
1000 1438 2977 116