1 727 717 53
2 842 1087 145
3 2856 1994 10
4 1003 1421 8
5 2031 648 23
6 1810 2769 89
7 1317 1166 268
8 2153 1381 216
9 1769 2045 218
10 543 571 76
11 1671 2193 214
12 1472 2629 242
13 1420 1450 109
14 1664 1410 209
15 1645 1231 166
16 711 1000 126
17 2713 959 44
18 908 2698 224
19 2196 2974 17
20 2209 1494 14
21 356 1266 213
22 1339 607 292
23 924 2922 133
24 40 1459 288
25 794 2921 219
26 204 34 206
27 2370 2099 209
28 1965 2026 294
29 964 115 266
30 2110 325 146
31 2168 2087 209
32 1769 646 123
33 947 2891 221
34 1719 322 35
35 2832 168 132
36 1049 2275 147
37 2515 1309 166
38 2203 2580 184
39 629 738 215
40 767 1771 126
41 1797 2445 91
42 2589 1138 2
43 2902 910 170
44 301 93 243
45 2896 1466 132
46 1379 784 238
47 1683 2391 125
48 953 2140 148
49 2931 1128 76
50 194 1572 230
51 1957 662 178
52 282 416 58
53 335 1445 50
54 854 1338 249
55 763 922 25
56 1671 745 223
57 1360 312 182
58 329 2408 212
59 822 2276 128
60 2382 1053 3
61 1002 615 149
62 302 967 64
63 2831 953 243
64 974 2898 123
65 986 1471 163
66 1327 288 255
67 346 1173 146
68 2531 2462 201
69 2235 240 112
70 2922 1108 184
71 1838 175 184
72 801 2089 11
73 2524 2169 156
74 2891 2068 297
75 2989 1455 54
76 1617 2350 122
77 2281 2774 15
78 983 1400 72
79 953 2181 13
80 2556 2077 222
81 761 343 73
82 2682 1974 38
83 882 182 123
84 617 1329 288
85 1908 48 246
86 2831 2658 76
87 435 502 243
88 1113 145 149
89 1023 2370 217
90 1733 286 107
91 605 467 47
92 919 445 21
93 2674 1337 291
94 2883 1621 134
95 2897 2319 142
96 1604 195 230
97 726 2881 278
98 906 1348 133
99 1990 571 73
100 2521 2020 264
101 482 1752 242
102 2383 2552 141
103 1418 2962 176
104 2990 2985 104
105 1307 1616 15
106 796 2579 68
107 2670 588 87
108 1784 654 119
109 1280 2602 224
110 380 507 58
111 1632 2602 50
112 2895 964 186
113 2874 1621 23
114 88 900 59
115 2034 1455 220
116 2056 2858 249
117 1240 1424 66
118 888 1112 99
119 1456 2560 89
120 8 236 271
121 674 276 97
122 537 2862 126
123 814 2632 288
124 2067 2165 219
125 1322 340 166
126 122 2711 86
127 2807 1869 104
128 255 2802 50
129 2461 1364 189
130 1092 2857 286
131 993 148 202
132 462 680 241
133 2972 1375 199
134 217 2336 265
135 1034 1277 185
136 1299 1090 135
137 504 842 189
138 1253 720 100
139 195 1710 177
140 1613 1260 193
141 1267 1893 94
142 845 1656 274
143 2755 2737 268
144 2274 1913 94
145 2066 577 235
146 1267 1605 177
147 1196 1460 296
148 1876 292 43
149 1580 1433 27
150 2511 2462 255
151 2862 1568 9
152 726 2168 118
153 2415 2209 68
154 1087 1939 217
155 337 1943 81
156 1254 2762 258
157 2278 736 46
158 704 1879 166
159 1714 2589 108
160 1518 160 67
161 21 12 176
162 18 2954 268
163 45 2153 90
164 771 2336 184
165 1967 1243 115
166 884 1872 39
167 1428 1078 86
168 2276 34 208
169 2279 1840 95
170 2822 1067 253
171 537 2682 173
172 2477 2694 147
173 2885 2721 240
174 2548 2390 190
175 418 1385 192
176 366 479 122
177 1435 2135 75
178 1347 2301 224
179 2499 2608 245
180 1131 530 36
181 1630 949 54
182 2564 1625 110
183 724 207 174
184 2899 2229 122
185 2583 2861 209
186 1828 1840 269
187 63 2661 70
188 1769 652 186
189 1092 2657 297
190 1366 333 14
191 2306 2857 236
192 1399 1280 253
193 2468 2364 100
194 1811 2977 1
195 824 1100 109
196 1694 2651 185
197 2244 1767 38
198 2915 2742 13
199 786 1605 225
200 1173 2910 68