1 2127 1904 215
2 1506 241 225
3 1709 2009 211
4 222 1740 113
5 1263 1766 178
6 365 1059 107
7 1948 1209 280
8 2174 2185 177
9 2061 1524 43
10 2234 2498 276
11 914 2637 16
12 2234 828 44
13 1230 1560 25
14 2553 2502 223
15 2799 1677 16
16 1618 849 231
17 429 1286 229
18 2141 2828 153
19 1205 1514 190
20 566 461 209
21 254 1097 7
22 2226 2101 187
23 115 1725 25
24 2649 2126 274
25 122 1533 251
26 225 86 14
27 1351 1894 18
28 2823 2455 133
29 282 1569 255
30 2083 1687 76
31 1034 1279 194
32 678 820 152
33 518 426 118
34 574 675 43
35 861 2965 276
36 927 1382 271
37 85 2629 127
38 1463 1650 64
39 1904 1288 145
40 1733 1547 19
41 1555 1734 35
42 868 1327 12
43 2020 2824 30
44 1205 2459 20
45 222 2491 120
46 608 1803 173
47 2078 1613 264
48 663 1795 212
49 2475 446 18
50 1043 2949 60
51 2702 507 269
52 578 724 125
53 33 735 171
54 2552 2930 237
55 1399 2469 114
56 2005 421 174
57 2578 2960 24
58 1130 1677 237
59 2777 964 169
60 1128 568 104
61 2558 2019 23
62 1215 832 218
63 2348 1719 217
64 335 375 282
65 119 716 232
66 1480 705 260
67 899 697 162
68 1871 2026 118
69 782 814 228
70 1233 2193 43
71 2354 467 208
72 1169 1464 262
73 840 2584 205
74 2200 779 239
75 613 1125 194
76 2114 2942 298
77 2591 1620 74
78 1009 2611 292
79 315 1053 57
80 2280 2950 299
81 1256 2422 196
82 326 2591 90
83 1337 2092 87
84 2336 596 173
85 2085 2848 108
86 2037 2291 123
87 1586 2115 95
88 175 2742 290
89 1104 16 290
90 119 2673 264
91 255 2056 66
92 2875 190 161
93 1989 793 107
94 2812 634 254
95 788 1982 246
96 2918 2932 10
97 718 2945 289
98 2805 2932 191
99 384 1364 26
100 2168 308 195
101 2728 1808 219
102 1358 118 71
103 1147 2381 123
104 1411 1138 204
105 1269 304 48
106 1730 30 10
107 2426 2501 17
108 1980 2226 184
109 2044 620 298
110 938 1989 244
111 2259 1538 269
112 140 849 89
113 356 2502 157
114 2199 1532 140
115 2564 1653 248
116 2104 841 9
117 2430 1480 237
118 2534 2234 273
119 1893 2387 284
120 232 2232 230
121 2168 2628 280
122 727 222 172
123 131 1500 127
124 874 508 13
125 1655 2523 167
126 1815 2734 32
127 1422 2301 156
128 187 1558 40
129 1705 188 56
130 1294 1344 249
131 1431 725 161
132 298 1743 119
133 2769 710 235
134 966 1051 137
135 2535 2949 200
136 244 1132 92
137 2422 1636 163
138 155 1639 209
139 1857 1203 115
140 2851 2859 241
141 1199 681 79
142 85 1125 40
143 1617 1952 265
144 1697 1082 286
145 1137 1060 40
146 475 2692 65
147 1407 2674 133
148 2432 339 55
149 1718 2368 74
150 2804 1615 1
151 1358 1950 66
152 722 1252 190
153 2315 285 32
154 201 2214 108
155 315 1451 191
156 1874 2425 13
157 326 52 83
158 1045 302 83
159 1420 984 233
160 16 1353 267
161 2187 1452 171
162 1868 2282 137
163 2969 1159 118
164 1763 2596 26
165 2849 1693 267
166 233 1613 165
167 944 2010 50
168 1844 1799 260
169 389 1296 275
170 2310 1300 288
171 221 2323 180
172 1026 1624 212
173 2409 1627 208
174 2445 1782 190
175 589 253 20
176 517 2927 126
177 1121 1510 137
178 1242 952 205
179 1379 1389 82
180 2033 2955 11
181 2306 708 83
182 1245 1762 40
183 514 779 33
184 350 2684 279
185 871 1271 233
186 74 2195 295
187 1142 1534 240
188 1792 2905 215
189 995 599 204
190 1913 1637 3
191 2412 324 142
192 2184 1076 129
193 197 2435 7
194 2137 958 52
195 1203 739 6
196 1243 743 38
197 1298 2339 38
198 1568 1286 27
199 2297 1260 114
200 1786 1618 288
201 2417 2008 245
202 405 992 170
203 1088 504 43
204 2843 1966 158
205 2367 1627 167
206 561 517 107
207 1890 1858 119
208 2423 1910 23
209 270 1274 57
210 503 1312 15
211 1950 697 246
212 413 1668 13
213 530 539 200
214 505 2834 239
215 2067 2700 74
216 1271 1152 141
217 2609 2128 268
218 1047 22 276
219 1135 2922 295
220 855 1697 176
221 608 261 72
222 856 2708 268
223 201 564 257
224 2992 2595 229
225 2725 2057 258
226 592 1763 64
227 1764 1012 226
228 2292 1177 146
229 2296 2500 108
230 2629 2411 94
231 1726 89 48
232 807 352 100
233 1117 960 274
234 775 2187 129
235 1811 2702 178
236 1070 31 185
237 2612 1378 92
238 2676 579 283
239 1900 517 127
240 2841 2286 239
241 492 1081 11
242 2172 95 208
243 2017 2593 268
244 311 32 220
245 458 1428 195
246 1665 611 189
247 2442 2472 125
248 2395 366 142
249 2488 1103 172
250 444 2323 151
251 2309 1673 298
252 1934 1302 206
253 1886 231 142
254 2854 1534 59
255 806 734 223
256 662 1185 115
257 1572 859 16
258 759 2165 97
259 1341 941 25
260 1250 1055 128
261 1183 1284 134
262 2580 742 203
263 2604 47 190
264 1322 2232 116
265 1366 2547 69
266 1085 394 217
267 1091 1745 154
268 2867 1832 32
269 20 2692 141
270 2714 577 65
271 2160 1503 223
272 2665 1693 91
273 2686 497 3
274 1969 851 235
275 2003 2834 201
276 1075 996 268
277 2065 25 51
278 416 1064 241
279 1936 2046 32
280 1638 742 216
281 148 824 161
282 2522 2522 240
283 453 627 223
284 1418 159 132
285 1897 2761 293
286 792 649 151
287 2623 2022 159
288 2076 1820 8
289 2107 906 29
290 1440 2883 67
291 2141 1560 206
292 1509 2455 75
293 1524 2567 28
294 722 661 297
295 2569 1178 88
296 2582 2610 286
297 264 1367 45
298 1147 1233 112
299 2585 1554 218
300 1384 2169 126
301 479 811 90
302 2281 353 251
303 1470 2307 259
304 382 1993 127
305 166 788 89
306 2531 307 52
307 1794 2085 274
308 1699 1266 171
309 2859 2617 89
310 1503 612 158
311 873 2119 239
312 34 2878 132
313 2893 2041 125
314 2892 255 214
315 2289 2439 198
316 237 154 131
317 607 1699 285
318 194 1281 283
319 1123 1476 298
320 783 2927 91
321 1491 290 250
322 1529 287 122
323 253 1997 297
324 2223 162 158
325 1676 2207 194
326 793 2081 132
327 1749 204 71
328 1626 653 6
329 1875 2381 251
330 2218 2174 35
331 1953 945 71
332 2527 2904 182
333 1893 509 232
334 2378 2878 32
335 80 1676 102
336 1540 1008 122
337 741 1518 44
338 1886 2639 169
339 1166 806 284
340 640 2995 10
341 2609 733 73
342 1152 2748 10
343 416 2614 282
344 916 1943 125
345 944 1374 203
346 342 2950 98
347 339 2636 202
348 1698 39 114
349 2912 363 44
350 450 1293 151
351 2347 1953 24
352 388 2505 61
353 791 2814 93
354 636 1749 297
355 2673 85 218
356 956 666 85
357 2717 1888 246
358 1411 2675 173
359 694 2664 43
360 2774 2203 232
361 2613 1862 122
362 1367 434 196
363 2141 1385 296
364 2773 2916 181
365 2106 1309 273
366 2183 2298 289
367 2787 1414 152
368 335 1731 164
369 1053 1631 178
370 1059 2641 159
371 2713 1818 225
372 1373 595 129
373 2929 1642 260
374 1356 2270 148
375 1059 883 218
376 1394 1871 165
377 1941 2558 258
378 422 483 126
379 1372 1538 33
380 2571 2194 131
381 1061 1708 236
382 663 2123 190
383 2814 2221 297
384 2317 2134 198
385 678 879 96
386 419 1962 254
387 605 985 148
388 2993 454 179
389 2925 401 164
390 522 2431 229
391 2365 1538 125
392 2138 2288 111
393 1090 2033 18
394 607 101 100
395 2705 174 53
396 2961 1968 290
397 2837 2714 78
398 1946 1049 4
399 959 2789 293
400 1626 2735 87
401 1736 1489 298
402 95 1533 249
403 2236 2352 205
404 2951 1551 259
405 1478 2492 206
406 1221 1649 73
407 2745 486 141
408 533 106 152
409 2067 147 112
410 1295 1173 9
411 2227 2646 139
412 306 1698 205
413 1527 959 72
414 1710 2658 89
415 611 346 221
416 1950 860 39
417 11 2889 294
418 1809 2687 270
419 1543 157 244
420 664 2828 273
421 2935 1432 132
422 2395 2712 31
423 1183 357 138
424 2934 2040 91
425 832 2809 217
426 2980 2721 204
427 869 1326 29
428 2740 1413 245
429 551 1954 132
430 1717 2828 196
431 1753 370 17
432 2524 2828 277
433 166 1180 69
434 2277 2798 247
435 892 927 51
436 877 1242 34
437 841 1622 146
438 1973 1716 123
439 2423 49 34
440 2613 2371 191
441 1851 433 31
442 2828 484 40
443 1499 758 266
444 2191 2643 174
445 1307 1329 174
446 1956 2915 225
447 1685 2513 4
448 2764 1017 130
449 2405 395 201
450 2550 2019 22
451 1295 1045 97
452 1486 1351 101
453 2762 1562 231
454 878 1880 54
455 955 2274 25
456 2902 2687 254
457 2120 1657 120
458 1665 1350 225
459 2266 492 252
460 1034 2311 188
461 343 2146 185
462 1324 1408 1
463 1712 2124 257
464 429 865 264
465 1214 2038 133
466 125 1332 162
467 248 1532 206
468 2177 794 119
469 2443 267 208
470 2559 1398 262
471 2821 1305 183
472 1458 2349 9
473 662 2988 196
474 1003 557 236
475 2995 2229 289
476 2006 286 41
477 369 1371 4
478 1346 1326 231
479 253 1219 97
480 1934 2033 137
481 1431 1480 239
482 2521 242 235
483 2351 1961 298
484 1845 1520 0
485 764 659 54
486 258 2172 195
487 1514 303 14
488 1588 1073 277
489 1124 2401 231
490 1819 2945 197
491 2150 572 101
492 1489 2521 148
493 2666 2971 197
494 2773 2077 213
495 2847 666 104
496 145 2027 40
497 1490 1755 157
498 2238 744 71
499 1374 1879 203
500 1296 582 178
501 2384 1441 165
502 633 1167 278
503 1703 1936 149
504 2620 2614 225
505 299 1202 175
506 2386 1422 49
507 2847 2258 101
508 2676 1255 118
509 2483 2392 218
510 1874 2373 168
511 1429 2493 250
512 106 1504 187
513 1119 2644 99
514 1657 2691 147
515 450 2540 139
516 1338 382 259
517 2453 1943 68
518 500 1992 295
519 2680 1172 133
520 1179 143 96
521 1008 2429 298
522 537 2839 233
523 714 645 11
524 1707 2890 16
525 805 804 204
526 2038 805 167
527 2969 1712 108
528 1149 1002 63
529 2366 2846 212
530 94 1608 256
531 1603 2667 119
532 2132 722 259
533 2025 1074 101
534 1490 2655 218
535 544 1387 168
536 1568 2360 83
537 443 2457 6
538 2504 942 70
539 56 2272 118
540 1083 1765 213
541 2420 1054 65
542 258 1157 208
543 1440 1585 51
544 1219 1750 204
545 1380 2283 89
546 1629 2141 41
547 2201 126 248
548 2029 2225 83
549 355 162 90
550 478 2503 36
551 2583 2325 275
552 1369 1618 4
553 1392 523 205
554 1167 1566 285
555 412 2374 153
556 1975 843 93
557 212 850 98
558 2441 433 60
559 2014 2103 82
560 2195 1665 32
561 838 1756 226
562 2826 1420 145
563 1144 1520 58
564 1429 1762 92
565 312 1765 94
566 1873 704 94
567 2063 187 295
568 1092 2998 179
569 2866 2022 239
570 2304 2419 146
571 1439 2818 284
572 1768 195 143
573 2202 515 187
574 36 478 184
575 1711 2243 175
576 1938 411 248
577 2905 2921 61
578 1398 740 166
579 550 2418 209
580 574 1033 13
581 171 1417 106
582 1368 2960 240
583 2548 2634 281
584 480 1243 17
585 1981 2231 265
586 1795 1032 54
587 799 1638 90
588 2842 2437 34
589 1556 798 182
590 637 40 155
591 1932 1915 261
592 2960 2497 41
593 2783 2956 5
594 2576 661 265
595 1246 2028 81
596 385 1041 125
597 770 2669 210
598 89 2350 268
599 793 901 229
600 2522 1403 61
601 2091 2231 273
602 1097 725 132
603 1999 634 62
604 2461 2742 293
605 288 2838 142
606 2713 773 95
607 1118 1488 134
608 2979 2869 106
609 1767 749 54
610 2112 335 184
611 107 2417 30
612 1700 1806 166
613 2492 1781 295
614 2538 2420 106
615 1308 2756 131
616 924 475 94
617 123 2281 238
618 1241 1521 201
619 2001 1966 133
620 2147 120 29
621 1168 2777 236
622 2536 1907 19
623 1087 1123 275
624 2712 380 19
625 2698 164 259
626 1417 2791 37
627 2284 1663 4
628 2139 1967 107
629 1399 576 107
630 1488 1437 158
631 278 598 72
632 1833 382 202
633 388 807 88
634 267 192 33
635 998 591 182
636 1112 1341 176
637 265 970 176
638 1594 2299 248
639 2380 2420 63
640 2426 857 102
641 893 2222 229
642 2706 518 32
643 1680 2931 98
644 2900 656 239
645 1831 568 81
646 627 524 29
647 2635 1324 245
648 1758 2322 63
649 1751 1493 107
650 2277 2772 6
651 2695 1261 211
652 227 664 59
653 1670 1194 81
654 565 345 106
655 2280 1449 219
656 2430 189 54
657 1733 2092 170
658 169 2100 163
659 1366 248 288
660 1265 672 71
661 2963 113 3
662 1438 1454 130
663 2725 2575 132
664 243 2420 284
665 1711 2911 220
666 2786 2724 249
667 127 964 258
668 1798 328 193
669 600 853 170
670 2812 1284 88
671 2976 105 190
672 2551 2219 153
673 729 2758 55
674 364 1833 273
675 1529 1205 291
676 2792 2574 217
677 1953 2607 75
678 620 1768 111
679 2996 886 86
680 2985 2248 212
681 1181 1629 284
682 738 1625 287
683 1355 1516 204
684 2684 2513 108
685 2481 669 227
686 2251 618 25
687 2876 778 170
688 1804 1337 194
689 2821 166 63
690 1327 337 101
691 2628 852 154
692 2640 314 114
693 2796 696 92
694 2491 2504 159
695 1744 105 228
696 2245 917 226
697 2704 2751 195
698 1501 278 227
699 1851 2430 268
700 2137 2206 221
701 461 2581 140
702 1232 1609 233
703 2591 814 247
704 2573 951 177
705 804 1 10
706 819 604 158
707 2872 2224 120
708 166 2296 271
709 2935 1791 220
710 561 164 229
711 1760 2597 112
712 1901 1617 271
713 2335 141 292
714 2653 365 275
715 2575 903 31
716 2796 2879 133
717 1445 986 294
718 95 2376 207
719 1920 1829 252
720 1182 604 150
721 165 2097 258
722 1021 2850 157
723 2535 2884 158
724 387 1920 266
725 1601 2538 257
726 2044 268 138
727 1881 982 159
728 2603 2162 51
729 369 204 187
730 2456 2198 12
731 119 610 276
732 1625 2440 212
733 2182 2858 99
734 2156 1986 110
735 2057 1208 135
736 1393 1569 116
737 2011 2595 1
738 2851 540 107
739 1128 2721 140
740 2363 440 49
741 703 1707 172
742 2202 1825 18
743 2711 2321 2
744 1250 1185 231
745 2321 302 179
746 1101 1047 99
747 880 2255 85
748 1660 2255 271
749 2211 939 163
750 2240 1983 108
751 1240 1168 69
752 1030 2775 299
753 985 290 294
754 1726 763 220
755 276 2431 141
756 2102 1019 238
757 159 1204 57
758 1461 2086 84
759 2184 176 70
760 1416 1318 299
761 900 2652 258
762 1854 1490 8
763 1573 2458 85
764 1848 1927 109
765 1333 1826 32
766 1379 1860 215
767 2328 1078 285
768 1549 385 6
769 2284 1508 166
770 1471 1900 154
771 1262 2117 285
772 193 1436 153
773 1037 2938 147
774 2982 1237 70
775 1736 1201 248
776 2640 377 279
777 2593 2703 84
778 877 558 32
779 2342 997 193
780 414 2368 61
781 2267 1632 53
782 1482 653 203
783 730 923 194
784 1572 500 120
785 2920 921 71
786 1735 1841 200
787 1184 512 272
788 2244 596 134
789 892 585 16
790 28 1621 114
791 12 2017 49
792 2911 2995 65
793 1272 1912 284
794 1106 143 98
795 1040 2968 254
796 712 2363 4
797 1134 2516 299
798 1534 1571 210
799 573 2628 85
800 682 14 126
801 2539 2848 263
802 985 2191 48
803 2764 870 294
804 1133 2116 194
805 172 2777 21
806 180 1206 26
807 2318 2286 25
808 1468 266 240
809 2131 1339 14
810 87 2006 145
811 1670 1208 284
812 256 2198 263
813 2428 1836 64
814 2921 666 233
815 1317 1893 279
816 440 1459 202
817 2293 981 177
818 283 1224 5
819 2007 1402 148
820 2129 183 187
821 2057 1827 105
822 805 2873 221
823 2655 2256 75
824 2543 1387 168
825 577 1115 265
826 2072 2529 118
827 1759 976 282
828 2802 2193 285
829 2097 2520 14
830 2189 758 86
831 1586 1569 257
832 2808 2423 94
833 213 1820 138
834 1302 439 279
835 1834 2008 232
836 2465 803 73
837 2645 1435 43
838 1300 340 201
839 1865 1916 299
840 133 1074 254
841 2383 2561 134
842 1048 2598 258
843 1550 1268 144
844 1759 2614 103
845 231 1042 217
846 1123 1659 239
847 2422 275 215
848 2362 1732 75
849 772 752 33
850 2980 1238 91
851 877 1664 162
852 467 318 14
853 1231 370 239
854 506 427 114
855 1749 2958 119
856 1768 110 239
857 121 2407 22
858 2743 1799 119
859 2895 2615 260
860 2027 2460 257
861 2135 966 278
862 363 481 237
863 2844 1307 177
864 2465 48 109
865 2265 2044 268
866 2029 637 215
867 2555 912 221
868 1688 439 215
869 2587 1065 185
870 2833 2480 131
871 92 2202 213
872 556 890 201
873 1412 2231 255
874 2092 1642 37
875 58 1463 284
876 1635 870 84
877 1234 518 93
878 1994 1110 244
879 2483 2460 182
880 590 541 270
881 1780 1786 213
882 2133 1955 150
883 823 1934 228
884 2429 2339 129
885 1411 930 149
886 844 719 34
887 818 2725 40
888 2827 2978 268
889 1364 2576 254
890 738 2853 138
891 2647 1246 166
892 2602 487 111
893 1443 1794 186
894 1357 630 266
895 2450 688 273
896 410 1783 177
897 155 2694 286
898 1977 2198 149
899 967 1480 123
900 1102 2805 146
901 905 2001 48
902 2712 1349 47
903 2527 825 288
904 96 709 56
905 2664 873 153
906 807 1573 100
907 1459 2171 161
908 1822 2150 61
909 2950 286 298
910 1296 1049 63
911 1286 2734 160
912 149 2865 141
913 1036 2627 281
914 1663 451 131
915 2911 2277 144
916 2846 2980 246
917 515 553 9
918 2263 745 46
919 2561 2034 126
920 1159 2582 28
921 184 430 44
922 1322 2299 254
923 2535 142 220
924 1406 1432 239
925 437 2562 3
926 358 1371 181
927 2491 574 172
928 916 1179 146
929 64 873 11
930 1358 2869 261
931 2112 2258 298
932 661 2866 61
933 2278 1594 123
934 475 2636 49
935 2348 1138 214
936 2833 2739 29
937 2904 1178 9
938 1945 949 108
939 286 2374 166
940 2783 2213 2
941 2156 1416 203
942 1078 1933 124
943 1434 257 90
944 841 611 128
945 2377 2976 8
946 977 1071 268
947 2818 785 221
948 1506 295 63
949 834 44 110
950 258 1252 175
951 1816 810 296
952 1636 1173 280
953 2895 2144 16
954 206 250 121
955 2386 732 153
956 505 2429 222
957 2718 89 225
958 2093 1515 4
959 2954 1642 200
960 2131 2593 22
961 1508 1605 48
962 31 603 161
963 1095 223 133
964 426 2720 258
965 1556 1483 114
966 462 1515 218
967 2068 1938 212
968 233 791 213
969 1873 2058 234
970 1242 1375 262
971 1383 1604 76
972 2613 2022 149
973 1852 2037 99
974 2631 753 77
975 149 2808 199
976 1733 1924 194
977 2579 684 291
978 2224 1806 189
979 2712 2886 106
980 1894 994 283
981 2546 906 40
982 212 2586 4
983 2253 777 291
984 1169 1261 189
985 1536 739 191
986 2286 1676 153
987 28 1193 40
988 2424 1641 16
989 1041 1696 117
990 578 301 83
991 326 2462 151
992 2077 1749 12
993 2761 2838 90
994 1444 1046 213
995 515 2130 240
996 935 2898 67
997 616 131 110
998 2963 2144 291
999 2576 2400 71
1000 1781 466 37
