xloc,yloc,rescuetime
35,107,130
142,127,146
57,328,80
14,117,118
50,336,98
66,286,75
19,72,99
43,322,133
110,157,116
28,103,163
16,84,123
25,105,144
15,55,90
107,291,103
27,61,118
81,274,99
102,309,141
28,117,109
36,21,100
46,317,119
124,229,155
98,128,124
51,74,115
37,311,161
49,51,144
22,113,146
102,126,102
51,95,118
12,30,148
83,297,154
84,285,168
89,243,150
76,297,135
7,120,87
22,339,108
134,122,109
100,145,120
46,335,136
26,91,78
65,294,141
136,124,137
134,120,153
36,57,86
24,109,112
15,323,127
22,338,76
58,309,150
100,208,82
88,269,155
116,234,117
13,33,163
43,41,85
90,253,132
131,222,159
43,61,167
114,219,137
22,321,91
80,268,150
26,56,112
83,272,138
115,140,77
133,218,125
115,227,106
12,54,129
131,245,117
36,117,100
38,19,112
117,128,126
54,61,128
52,311,139
13,97,84
11,20,124
138,122,89
91,285,163
141,125,157
42,304,111
19,103,97
133,210,90
108,302,90
101,288,89
145,125,95
99,270,89
35,119,75
18,62,84
54,302,80
103,155,137
31,23,155
54,328,80
44,311,141
116,241,138
7,87,137
42,38,91
64,273,109
25,118,74
28,340,144
91,250,112
100,131,120
103,138,78
134,212,158
145,123,70
83,291,71
8,64,139
32,89,92
121,146,116
128,152,99
8,62,88
13,99,86
55,314,94
93,263,155
95,209,91
107,229,93
77,295,81
136,154,153
124,249,131
131,219,115
40,338,147
85,294,72
117,205,155
119,228,101
124,142,155
106,267,144
33,104,103
8,80,90
118,136,112
10,313,80
37,318,165
24,85,98
103,308,142
11,92,79
46,38,112
103,159,86
97,214,159
27,16,93
77,271,140
45,112,140
133,214,108
126,145,144
13,302,84
49,41,141
69,275,139
44,118,150
33,330,161
30,327,113
142,143,143
122,223,113
11,46,159
9,92,129
24,114,88
146,112,132
7,112,114
90,208,91
35,59,114
31,104,116
21,102,103
54,75,86
104,231,114
47,113,139
35,332,152
31,323,72
130,128,106
47,298,120
40,312,121
48,87,100
46,105,78
108,238,97
83,310,151
106,152,100
18,79,95
116,125,87
105,295,122
32,119,110
143,153,117
146,157,89
124,139,113
46,52,144
55,19,103
115,136,126
57,32,84
106,273,157
86,241,149
108,131,92
117,130,154
49,79,99
21,313,156
137,148,158
112,153,75
34,35,141
105,267,78
49,44,103
115,160,102
99,245,140
43,75,98
128,114,102
33,79,82
51,61,99
39,41,168
28,85,157
39,316,96
46,313,127
115,124,161
44,29,146
141,117,142
118,160,79
33,79,161
85,302,169
25,115,154
107,266,99
49,51,100
26,50,112
22,326,83
52,34,134
30,91,104
106,308,113
105,222,146
31,116,78
120,207,113
6,109,141
111,233,167
146,131,154
107,287,155
111,248,103
46,82,162
49,62,144
115,150,83
101,126,110
82,306,120
108,155,156
52,340,91
31,328,80
75,274,150
12,38,157
110,133,129
92,300,157
45,341,149
105,127,136
15,28,87
44,299,107
48,89,82
36,91,74
112,242,88
27,329,135
112,149,114
124,235,159
13,104,164
38,305,135
40,294,149
9,98,98
32,29,115
87,286,130
8,62,99
127,111,145
9,37,116
103,312,118
77,263,86
117,129,154
30,294,100
41,339,139
122,112,82
67,288,123
14,64,94
30,113,104
119,253,147
88,216,124
34,297,111
98,210,120
30,102,134
128,251,88
143,124,130
54,309,157
48,85,124
11,38,157
26,314,103
126,146,88
31,52,89
25,51,90
108,243,161
85,271,97
99,307,127
21,78,84
93,271,155
123,223,115
137,113,163
107,119,164
125,229,121
42,332,87
18,117,124
33,61,164
40,299,157
48,333,152
20,78,156
68,297,110
53,108,119
41,21,156
47,118,129
32,316,127
15,99,139
56,37,89
37,19,138
121,243,144
107,114,107

numambulance
7
9
11
9
5