person(xloc,yloc,rescuetime)
24,37,72
1,31,95
59,88,111
7,39,108
38,42,94
24,71,111
8,42,156
64,26,75
2,23,152
93,95,102
9,82,136
36,89,133
13,42,93
90,23,105
45,35,109
9,86,147
63,50,98
51,17,89
13,33,85
31,42,107
7,48,82
39,68,78
11,66,159
100,94,129
33,51,167
51,1,126
88,99,99
90,12,118
71,2,131
75,36,90
31,47,77
29,96,130
26,90,105
72,29,126
57,59,123
39,48,167
24,84,77
28,71,102
8,53,93
58,73,162
54,72,87
74,64,82
77,96,139
70,43,141
72,19,139
26,21,129
89,97,152
32,15,154
77,2,142
95,85,142
50,61,99
41,28,164
75,7,158
13,67,74
15,66,135
65,66,105
95,93,118
55,59,159
88,52,166
47,7,154
91,71,91
23,34,137
26,98,167
36,82,143
6,84,142
49,73,93
45,18,110
96,20,124
39,10,121
81,42,70
79,27,149
99,100,133
18,59,129
90,98,164
11,32,126
25,90,159
9,98,167
47,56,79
21,84,128
100,56,88
52,26,168
28,57,89
73,4,73
54,82,153
68,16,145
59,32,142
49,3,90
91,100,165
88,17,74
13,99,133
72,29,120
29,77,137
69,19,126
29,99,82
87,22,97
27,70,115
3,91,136
86,14,161
93,13,117
20,7,147
95,85,93
15,69,76
80,11,140
100,39,111
24,25,157
4,9,144
7,3,94
38,90,115
100,41,156
81,52,101
74,45,95
56,7,93
3,98,96
31,91,133
94,74,79
84,71,133
39,90,75
5,78,92
66,87,139
91,71,139
74,59,110
78,27,143
57,64,143
62,43,107
66,28,150
82,16,139
98,98,168
83,51,137
27,78,139
88,8,155
42,3,162
37,74,89
15,67,156
94,17,96
72,58,147
11,86,92
48,69,128
14,23,136
52,33,103
65,52,124
8,94,136
18,90,92
78,62,153
90,82,91
98,37,113
58,44,135
69,59,122
97,83,131
54,39,155
98,69,89
9,57,128
78,79,77
52,9,144
41,36,122
64,57,100
1,18,149
80,20,77
75,85,115
27,100,99
100,7,133
59,93,103
95,12,96
98,59,122
35,5,123
22,3,119
82,22,90
51,44,90
36,26,85
75,17,164
12,72,121
37,57,84
60,19,152
13,74,74
37,96,164
53,66,121
70,74,157
51,75,148
91,83,124
65,65,124
51,26,141
97,51,115
91,51,116
87,34,141
10,51,79
80,42,75
10,72,155
8,1,122
64,97,126
35,92,132
95,50,136
89,55,134
88,91,168
31,76,116
3,83,90
74,67,96
42,81,72
24,15,146
51,4,98
22,83,158
97,92,70
35,16,163
37,17,99
13,73,138
1,8,124
29,79,165
99,90,138
70,49,136
53,32,126
10,29,98
7,21,152
83,63,75
48,84,136
49,94,78
99,32,106
67,10,130
17,51,165
43,37,89
18,76,143
100,14,164
59,41,137
72,40,134
53,79,122
21,12,96
82,70,96
57,57,116
78,24,159
77,14,82
100,53,107
58,12,98
15,45,112
75,69,156
29,42,88
72,44,154
15,34,146
8,89,102
36,2,139
1,35,140
94,2,120
71,87,70
17,74,156
13,27,92
86,33,147
93,39,106
48,84,98
9,33,124
28,31,89
10,93,71
28,77,95
51,31,109
80,53,130
70,87,127
23,57,93
97,92,99
24,20,96
70,48,102
96,40,124
49,11,134
4,89,150
33,6,163
40,87,80
38,36,155
44,17,71
38,60,99
91,87,83
79,29,157
72,45,89
27,30,156
34,7,155
59,53,130
35,99,123
57,28,90
77,42,135
91,57,143
25,11,133
58,70,123
9,6,146
30,10,148
16,31,99
44,9,83
21,95,125
34,43,133
26,14,143
73,14,113
40,23,165
28,13,72
91,11,167
21,53,118
58,53,149
58,4,154
30,36,122
85,26,134
96,2,96
88,19,83
75,50,123
65,11,140
73,32,110
10,65,104
22,62,101
37,96,155
66,4,111

hospital(numambulance)
5
10
11
5
8