person(xloc,yloc,rescuetime)
68,28,115
16,77,94
32,69,144
66,5,115
100,72,129
99,98,78
96,22,95
56,36,110
83,79,79
30,6,125
31,88,96
99,29,98
15,33,66
53,55,134
13,41,80
26,11,119
4,43,62
81,69,103
58,100,74
58,27,84
80,58,127
30,63,104
8,80,91
84,21,100
36,69,114
3,27,68
71,34,110
77,68,137
17,63,104
77,76,137
13,45,83
23,78,68
87,51,69
54,61,70
46,78,141
43,55,77
98,18,107
81,40,64
99,94,135
60,49,95
87,99,143
99,77,144
41,5,101
32,74,67
45,44,104
52,32,144
97,4,137
31,44,132
48,86,136
39,13,90
26,45,99
34,86,136
62,52,109
38,80,107
70,94,119
49,76,69
74,93,118
30,35,124
57,54,87
27,91,142
38,87,76
66,53,95
32,92,75
48,64,57
26,97,141
52,85,83
60,42,114
97,58,76
24,95,149
62,96,73
10,2,139
8,49,112
5,14,113
86,51,95
98,65,50
59,22,53
76,9,77
86,5,87
16,65,121
97,46,95
94,16,88
39,71,89
29,57,62
71,42,118
66,10,87
82,65,67
68,62,83
32,52,66
42,78,139
2,94,60
43,12,109
25,21,97
40,61,84
64,58,90
44,18,91
3,70,50
34,66,90
74,96,137
50,73,77
46,31,64
42,49,120
95,69,115
64,26,126
16,55,130
67,70,129
51,4,95
16,35,75
88,33,66
35,92,112
14,76,80
40,28,77
61,91,117
34,81,108
40,68,89
81,99,101
2,27,117
68,95,95
14,53,66
48,5,90
62,41,75
56,63,142
82,13,88
2,56,113
25,22,123
10,85,113
15,96,55
48,82,79
40,84,57
62,30,104
72,6,136
6,37,112
15,49,144
34,16,116
40,63,95
21,84,127
51,59,134
55,41,60
68,69,149
37,34,86
2,11,107
53,87,135
96,33,142
11,79,147
31,24,116
23,52,64
69,19,89
98,3,118
12,35,149
3,94,84
30,57,76
78,29,133
80,15,116
49,20,115
75,80,135
70,82,119
22,39,65
78,57,143
52,71,79
61,4,129
15,78,83
19,31,130
77,45,132
57,50,112
53,23,116
90,100,56
97,98,104
41,69,133
80,74,145
67,22,131
44,15,143
52,92,82
42,38,74
28,93,125
80,80,136
59,95,65
88,91,131
14,60,143
65,86,117
100,9,75
4,81,124
40,59,97
84,15,58
56,2,136
90,40,133
95,93,149
12,80,54
1,11,96
100,34,112
53,44,146
86,56,64
90,25,96
54,80,122
74,3,101
51,17,142
32,38,79
68,10,132
52,6,95
50,17,97
5,93,131
17,24,73
45,86,134
59,4,99
37,54,83
36,60,107
39,2,72
28,12,133
2,48,72
10,74,61
83,42,87
59,84,71
76,46,80
55,20,144
39,98,133
33,86,142
39,72,118
89,2,93
61,85,143
53,7,72
34,53,65
39,98,82
76,38,72
31,26,106
34,24,132
52,93,119
28,30,115
93,18,73
82,88,89
5,38,73
61,74,103
68,2,78
37,69,136
8,83,117
6,61,63
20,2,134
40,5,94
18,92,118
97,37,103
57,25,121
18,83,60
37,84,133
80,31,139
83,97,147
87,44,120
68,87,53
77,15,62
41,7,133
48,83,60
54,92,124
55,60,77
36,58,115
15,49,121
66,85,74
1,76,67
32,1,79
10,11,77
39,32,127
56,60,116
64,30,114
77,12,52
23,58,110
20,86,146
7,27,143
26,20,133
30,52,108
100,31,72
57,96,65
77,60,86
95,90,52
26,29,81
1,82,124
89,38,104
47,54,56
83,26,87
92,40,61
3,56,98
1,12,121
75,85,84
50,78,114
50,91,58
100,42,121
86,63,87
15,92,84
67,13,139
92,31,56
100,71,88
57,91,96
100,99,88
93,12,122
9,29,98
83,23,69
72,78,124
65,27,114
99,41,121
69,68,99
62,34,71
26,43,89
41,96,143
11,86,82

hospital(xloc,yloc,numambulance)
3
5
8
8
4
