person(xloc,yloc,rescuetime)
15,33,91
92,25,93
38,76,81
93,87,153
80,16,131
95,82,115
91,94,147
60,68,72
86,26,155
9,75,101
81,48,155
59,9,144
15,87,103
2,84,90
40,100,112
93,5,80
80,47,165
11,63,98
34,97,142
44,15,79
56,47,112
25,73,86
80,52,159
3,93,93
17,30,140
38,83,140
10,46,108
6,48,144
17,82,84
93,24,141
24,85,139
86,50,150
4,34,161
54,58,113
60,23,143
2,84,113
12,23,159
48,12,129
74,38,88
42,22,132
84,31,114
46,95,91
20,84,114
98,93,116
86,69,103
72,44,86
2,94,114
85,23,139
7,16,152
53,33,72
98,23,106
38,57,120
26,83,121
24,70,100
93,66,78
30,24,97
18,40,151
88,24,100
38,54,95
74,29,87
2,87,122
69,68,110
83,14,117
61,85,89
2,45,113
5,69,144
92,54,103
37,72,126
25,11,84
83,84,157
84,90,149
31,98,92
97,71,154
44,4,99
87,99,156
42,13,158
15,84,75
7,11,141
83,75,78
92,28,103
60,66,102
58,72,140
49,25,98
85,18,102
76,30,82
1,28,99
11,78,168
32,67,157
60,65,96
30,3,127
12,61,161
58,97,146
86,94,142
27,84,79
20,59,161
52,23,169
31,16,154
96,37,99
60,3,100
90,32,112
29,75,83
82,55,134
38,7,104
54,38,113
26,12,146
40,49,78
56,72,113
12,35,141
85,65,167
78,9,154
91,72,155
42,38,103
63,35,162
92,90,144
13,7,83
31,39,110
71,47,120
91,39,156
99,73,91
12,49,80
29,20,150
23,75,157
78,65,129
27,72,157
41,50,149
68,22,136
34,40,87
43,94,107
96,33,82
86,64,74
68,28,88
16,77,135
51,41,114
32,69,159
66,5,164
100,72,135
99,98,149
96,22,98
56,36,115
83,79,130
30,6,99
31,88,145
99,29,116
15,33,118
53,55,86
13,41,154
26,11,100
4,43,139
81,69,82
58,100,123
58,27,94
80,58,104
30,63,147
8,80,124
84,21,111
36,69,120
3,27,134
71,34,88
77,68,130
17,63,157
77,76,124
13,45,157
23,78,103
87,51,88
54,61,89
46,78,90
43,55,161
98,18,97
81,40,127
99,94,84
60,49,155
87,99,115
99,77,163
41,5,164
32,74,121
45,44,87
52,32,124
97,4,164
31,44,157
48,86,152
39,13,156
26,45,110
34,86,119
62,52,156
38,80,129
70,94,127
49,76,139
74,93,89
30,35,138
57,54,144
27,91,107
38,87,162
66,53,96
32,92,115
48,64,95
26,97,77
52,85,161
60,42,103
97,58,134
24,95,96
62,96,169
10,2,93
8,49,159
5,14,132
86,51,133
98,65,115
59,22,70
76,9,73
86,5,97
16,65,107
97,46,141
94,16,115
39,71,108
29,57,109
71,42,82
66,10,138
82,65,107
68,62,87
32,52,103
42,78,86
2,94,159
43,12,80
25,21,129
40,61,117
64,58,104
44,18,110
3,70,111
34,66,70
74,96,110
50,73,157
46,31,97
42,49,84
95,69,140
64,26,135
16,55,146
67,70,150
51,4,149
16,35,115
88,33,95
35,92,86
14,76,132
40,28,100
61,91,97
34,81,137
40,68,128
81,99,109
2,27,121
68,95,137
14,53,115
48,5,86
62,41,110
56,63,95
82,13,162
2,56,108
25,22,133
10,85,143
15,96,133
48,82,75
40,84,99
62,30,77
72,6,124
6,37,156
15,49,132
34,16,164
40,63,136
21,84,115
51,59,147
55,41,154
68,69,80
37,34,169
2,11,106
53,87,127
96,33,155
11,79,162
31,24,167
23,52,136
69,19,84
98,3,109
12,35,138
3,94,169
30,57,104
78,29,96
80,15,153
49,20,136
75,80,135
70,82,155
22,39,139
78,57,85
52,71,163
61,4,99
15,78,149
19,31,103
77,45,150
57,50,152
53,23,132
90,100,136
97,98,76
41,69,124
80,74,153
67,22,165


hospital(numambulance)
5
9
6
11
10